P:3:0,0,1,3
R:0:55,0,1,2
P:1:1,44,0,0
Y:3:1,1,1,2
R:0:0,0,22,0
R:1:15,0,1,0
B:1:0,3,0,0
P:2:0,1,1,0
B:5:1,3,11,1
B:15:2,0,1,0
R:0:1,1,1,2
P:22:150,1,0,0
Y:3:1,1,1,2
R:0:0,10,1,0
R:1:2,0,1,0
B:50:0,200,0,0
P:2:0,1,1,0
R:0:1,10,1,2
P:1:1,11,0,0
Y:3:1,1,1,2
R:0:0,0,1,0
R:1:2,0,1,11
B:22:20,3,0,0
P:42:50,1,1,0
B:5:1,3,11,1
B:15:2,0,1,0
R:0:1,1,1,2
P:22:150,1,0,0
Y:3:1,1,1,2
R:0:0,10,1,0
R:1:2,0,1,0
B:50:0,200,0,0
P:2:0,1,1,0
R:0:1,10,1,2
P:1:1,11,0,0
Y:3:1,1,1,2
R:0:0,0,1,0
R:1:2,0,1,11
B:22:20,3,0,0
P:42:50,1,1,0
